A = [30
19
19
26
38
22
19
15
20
17
16
13
738
11
16
41
15
28
16
22
17
22
17
22
740
21
42
19
31
19
37
19
24
19
24
19
747
19
21
19
16
41
18
13
12
16
14
22
737
14
15
18
16
20
17
19
17
20
22
18
745
15
19
29
19
26
19
31
19
25
20
17
744
12
13
31
16
13
16
14
18
14
20
15
743
16
17
22
18
24
19
22
19
24
19
746
20
17
21
19
22
28
20
32
21
18
15
744
16
12
21
14
35
15
28
16
43
18
43
741
42
16
19
45
19
40
19
24
19
34
20
763
21
19
44
22
17
27
19
17
14
18
16
735
11
16
15
17
15
19
16
19
16
19
16
743
26
18
21
18
21
18
21
18
20
24
21
740
14
16
21
17
14
19
16
13
19
14
25
737
14
43
18
27
18
30
19
20
17
19
740
15
19
19
21
18
21
18
22
19
23
19
756
18
15
13
19
16
13
16
13
16
14
20
737
18
22
18
42
19
41
19
17
19
17
20
740
29
21
26
19
33
20
43
22
17
18
20
738
9
14
12
16
13
20
15
20
15
39
17
764
13
19
37
19
42
19
44
20
43
20
20
744
15
31
20
43
19
31
21
18
16
19
16
735
11
13
17
14
17
15
18
15
19
16
20
17
14
22
17
21
18
21
17
20
18
21
740
16
19
19
21
19
23
18
18
20
17
14
754
17
12
20
15
22
15
17
15
19
16
19
739
21
20
19
41
19
39
19
34
19
24
19
747
20
19
24
21
17
22
19
17
14
35
16
733
12
20
15
20
16
20
17
20
17
20
17
746
38
19
20
18
20
31
20
39
20
29
20
761
15
16
31
18
16
13
18
14
40
15
16
16
13
15
17
35
18
33
17
26
18
41
742
17
33
19
45
19
30
20
24
19
21
19
746
17
13
21
17
13
34
14
35
15
14
17
736
16
20
17
20
17
20
17
20
17
21
19
745
18
19
34
19
37
20
26
21
17
22
19
737
9
14
20
13
37
14
31
15
42
15
38
740
18
16
19
17
19
17
19
38
19
44
20
760
17
21
18
21
36
22
18
15
20
17
14
748
9
16
14
21
15
24
15
32
17
20
16
743
18
17
22
19
30
19
26
19
39
19
749
22
18
27
19
41
21
16
15
20
17
13
733
13
16
15
20
15
20
16
22
17
20
17
746
15
18
28
19
24
18
20
45
20
30
20
768
22
21
17
26
19
16
14
18
16
12
20
735
16
30
17
35
18
41
18
37
18
43
19
758
16
20
18
19
46
19
39
19
26
20
39
745
17
19
17
13
39
16
12
16
14
16
15
741
18
17
22
18
26
18
24
19
28
19
748
25
18
18
21
19
21
18
22
18
21
19
738
10
15
13
19
14
38
15
20
15
18
15
742
14
17
22
18
22
18
24
19
21
19
24
742
15
21
19
23
19
23
20
16
21
18
16
735
14
13
16
14
17
15
18
15
20
16
22
739
18
21
43
19
24
19
26
19
26
19
39
744
15
18
21
17
15
19
16
13
30
16
13
739
21
16
41
16
33
17
36
17
26
18
766
33
18
35
19
35
19
24
19
24
20
21
741
19
15
37
18
14
13
17
13
19
15
41
737
13
15
20
17
20
17
19
17
19
38
19
767
22
19
45
20
18
21
39
20
33
22
17
738
15
16
13
26
14
17
14
18
15
17
15
742
14
17
20
18
22
18
21
18
21
18
22
742
15
26
19
25
19
17
22
19
15
25
18
14
10
12
16
13
16
14
17
15
18
15
743
17
30
19
38
19
29
19
41
19
34
20
764
16
19
42
20
17
22
19
15
20
18
14
734
17
20
15
26
15
20
16
22
17
22
18
753
18
19
34
19
24
19
21
43
20
45
20
758
17
37
20
17
14
19
16
13
18
14
31
737
31
24
18
15
19
41
19
40
19
34
19
767
18
20
44
20
45
19
24
19
25
20
17
744
14
16
33
16
12
16
14
17
14
17
737
14
17
17
20
18
26
18
22
19
24
19
746
29
18
24
19
23
19
24
21
16
15
19
738
14
16
14
18
15
20
15
22
17
22
17
745
18
18
42
19
35
20
18
21
18
21
19
746
32
20
18
22
19
16
14
19
16
13
11
739
11
15
20
16
22
17
30
18
20
19
17
743
16
18
24
19
21
19
21
36
21
19
25
743
12
21
17
16
13
18
14
39
15
41
738
16
14
20
17
20
17
20
17
19
18
20
740
17
20
19
24
19
21
19
24
19
42
21
740
16
19
16
12
18
14
18
15
20
15
24
740
14
16
20
17
22
18
30
19
28
19
33
743
18
45
20
44
22
18
23
20
16
13
19
737
11
16
13
16
15
18
15
19
37
18
16
742
15
17
19
17
20
36
20
18
21
24
21
741
38
22
19
15
42
19
16
13
40
16
734
13
25
17
39
17
19
19
16
19
17
20
740
17
22
19
21
40
20
28
20
34
20
27
743
17
13
19
16
13
20
14
13
16
15
20
737
14
15
19
17
22
17
22
18
26
18
24
742
20
18
21
19
22
19
23
19
34
22
16
756
9
39
17
13
31
15
27
15
23
15
27
739
13
16
19
16
19
17
19
18
20
18
21
741
15
24
19
28
20
35
21
18
15
20
739
11
30
16
13
17
14
17
42
17
42
19
738
15
19
18
22
18
22
19
41
20
43
20
763
18
19
18
22
20
16
37
19
17
13
39
737
13
14
20
15
20
17
22
17
20
18
30
742
17
24
18
22
19
24
19
24
19
24
20
754
17
15
22
17
13
12
17
13
24
15
13
739
14
16
20
16
22
17
20
17
21
18
22
741
16
43
19
28
19
24
19
22
46
22
740
12
23
18
13
12
16
13
16
14
17
15
741
38
16
24
18
35
19
24
19
31
19
24
742
23
37
20
42
20
18
22
19
15
21
18
736
14
14
27
15
20
15
20
17
24
17
22
740
16
39
19
34
19
44
19
39
20
35
21
753
17
22
18
22
19
15
38
18
16
13
19
735
11
14
17
15
20
17
20
17
22
19
19
739
25
21
17
20
18
20
18
21
23
21
741
18
16
15
19
17
13
30
16
13
18
14
742
13
16
15
18
16
19
41
19
38
19
18
745
15
18
26
19
24
19
20
38
20
18
23
741
10
12
19
16
13
16
13
16
14
17
15
742
19
17
20
17
20
18
20
18
19
18
21
741
18
21
19
24
19
24
21
17
24
18
16
736
11
27
16
21
17
14
18
15
20
17
22
740
15
37
19
17
20
18
21
19
21
19
746
19
17
24
19
17
21
19
14
20
17
13
753
13
16
15
20
16
20
17
22
17
19
17
743
15
17
21
18
21
18
21
18
21
19
21
742
17
18
15
19
17
14
12
16
13
18
15
750
12
17
18
18
16
19
42
19
17
19
18
745
15
18
21
26
19
24
19
22
19
24
21
740
17
18
16
12
18
14
22
15
20
15
36
739
16
16
19
17
20
17
20
18
21
18
746
22
18
44
20
33
20
31
22
18
15
20
737
10
13
13
18
15
20
15
20
15
20
17
743
15
18
37
19
34
19
41
20
31
20
43
743
16
29
21
18
22
20
17
14
20
16
13
747
11
16
35
17
34
18
20
17
22
18
21
740
19
22
19
21
19
22
18
21
19
24
19
746
12
15
20
17
14
34
16
13
16
15
20
15
13
26
17
31
18
22
18
27
19
35
742
17
22
19
22
19
24
19
21
19
21
19
746
17
14
13
17
13
29
16
13
16
14
17
736
18
22
17
22
18
20
18
21
18
21
18
745
17
18
22
19
21
19
23
19
23
19
15
745
14
13
19
14
39
15
26
17
35
17
29
740
21
16
19
17
20
18
20
45
20
43
20
759
20
20
18
23
20
16
38
18
16
12
18
735
13
14
18
22
17
23
17
24
18
37
741
16
22
19
24
19
24
19
24
19
24
19
751
15
20
18
15
20
17
13
34
16
14
20
736
23
39
17
41
18
30
18
25
18
35
18
745
18
19
24
19
24
19
21
19
21
19
23
743
11
20
17
13
39
16
13
16
14
17
15
741
13
17
22
18
20
18
21
18
21
18
22
742
14
24
19
24
20
22
45
22
17
15
20
738
10
39
16
13
16
15
17
15
18
15
741
17
15
20
18
21
18
21
18
21
34
20
748
17
20
19
22
18
25
20
16
38
18
16
734
27
20
15
21
15
22
16
22
17
20
18
749
18
18
24
19
24
19
24
19
32
20
28
744
19
17
16
20
18
13
12
17
13
37
16
762
13
17
28
17
28
18
43
19
24
18
22
741
14
24
19
21
18
21
26
21
19
23
19
739
17
17
13
20
14
30
15
37
15
25
740
16
15
19
17
20
17
19
17
19
18
19
740
17
19
19
22
24
19
24
20
17
21
18
738
12
16
13
18
14
17
15
20
15
18
15
742
16
17
24
18
22
18
24
18
21
18
21
740
16
23
19
24
20
16
14
19
16
12
18
735
17
41
16
21
18
15
18
44
18
16
18
766
19
19
27
19
43
20
18
20
46
20
39
744
20
19
16
31
18
13
12
16
14
18
736
15
22
17
22
17
22
18
19
37
19
17
744
23
17
21
18
21
44
20
38
20
42
22
740
16
11
17
13
32
15
33
15
27
17
14
740
16
16
20
17
19
31
19
41
19
25
20
740
16
19
24
19
25
19
23
20
16
23
18
737
12
16
13
16
14
17
15
17
37
18
34
741
15
17
19
17
20
18
21
18
20
41
20
37
22
20
41
20
28
21
17
44
19
16
758
12
11
18
14
18
15
20
16
20
16
20
739
16
20
19
24
18
24
19
26
19
22
19
747
17
18
41
21
18
15
20
17
14
12
16
734
11
21
15
20
16
18
16
19
17
19
17
743
21
18
21
19
21
18
21
19
21
18
21
742
13
18
14
19
16
13
19
14
17
16
14
740
13
17
22
17
20
17
20
18
20
18
21
740
25
20
33
20
45
20
29
19
30
21
739
12
10
18
14
39
16
29
16
42
17
39
742
27
16
22
18
24
18
21
18
21
19
20
740
18
20
19
21
19
24
19
22
19
16
42
738
9
16
13
16
14
20
15
21
16
28
17
749
21
18
28
19
41
19
39
20
24
20
18
745
27
18
21
19
23
20
16
21
18
16
26
738
14
15
28
15
30
17
42
17
38
18
27
742
16
17
20
17
21
18
21
19
21
18
21
19
42
20
18
22
18
15
20
18
16
12
739
14
16
15
17
15
20
16
20
17
19
17
742
31
17
21
18
21
18
20
21
21
45
20
741
42
15
21
18
16
12
17
13
25
15
40
738
13
15
20
16
19
16
19
17
19
39
19
740
15
21
19
21
39
19
24
19
24
19
17
743
10
13
12
16
13
18
15
20
15
23
17
744
18
18
41
19
43
19
44
19
31
19
41
744
17
45
19
34
20
18
22
19
15
21
739
17
13
41
16
39
17
15
18
37
18
16
742
23
16
19
17
19
18
20
45
20
23
20
765
19
21
18
22
19
16
38
18
13
12
18
736
12
38
17
35
18
38
19
20
18
22
18
753
14
19
24
19
27
20
24
20
26
20
35
744
16
20
18
14
20
16
13
19
14
26
16
735
11
20
17
22
18
22
18
24
19
22
19
21
24
19
21
19
24
19
21
18
21
19
745
16
12
13
17
13
12
16
14
17
14
20
737
16
20
17
31
18
32
19
36
19
24
19
752
17
19
36
19
26
20
33
19
25
20
15
742
12
13
39
16
13
17
15
20
15
18
15
743
19
17
20
18
21
18
21
18
24
19
22
742
20
24
19
23
20
17
22
19
17
14
36
737
14
15
34
15
18
15
18
15
19
16
20
740
15
22
18
21
18
